#FACTS parameters per atom, taken from fctall.src, lines 2603ff (facts parameter set 3) 
#order: TINKER type, b1, b2, a0, a2, a3, R_sphere, d1, d2, c0, c2, c3
#type 1
1 148 -1.347 -0.416362e03 0.00306 -466 7.4 -0.193261e04 -0.129440e01 0.163304e+02 0.427427e-02 -0.127882e04 #H
2 148 -1.347 -0.416362e03 0.00306 -466 7.4 -0.193261e04 -0.129440e01 0.163304e+02 0.427427e-02 -0.127882e04 #HC
3 148 -1.347 -0.416362e03 0.00306 -466 7.4 -0.193261e04 -0.129440e01 0.163304e+02 0.427427e-02 -0.127882e04 #HT
#type 2
10 224 -1.295 -0.110968e03 0.00186 -96 8.5 -0.377745e04 -0.355457e01 0.551873e+02 0.160205e-02 -0.343534e04 #all N and O, types 10-19 
11 224 -1.295 -0.110968e03 0.00186 -96 8.5 -0.377745e04 -0.355457e01 0.551873e+02 0.160205e-02 -0.343534e04 #all N and O, types 10-19 
12 224 -1.295 -0.110968e03 0.00186 -96 8.5 -0.377745e04 -0.355457e01 0.551873e+02 0.160205e-02 -0.343534e04 #all N and O, types 10-19 
13 224 -1.295 -0.110968e03 0.00186 -96 8.5 -0.377745e04 -0.355457e01 0.551873e+02 0.160205e-02 -0.343534e04 #all N and O, types 10-19
14 224 -1.295 -0.110968e03 0.00186 -96 8.5 -0.377745e04 -0.355457e01 0.551873e+02 0.160205e-02 -0.343534e04 #all N and O, types 10-19
15 224 -1.295 -0.110968e03 0.00186 -96 8.5 -0.377745e04 -0.355457e01 0.551873e+02 0.160205e-02 -0.343534e04 #all N and O, types 10-19 
16 224 -1.295 -0.110968e03 0.00186 -96 8.5 -0.377745e04 -0.355457e01 0.551873e+02 0.160205e-02 -0.343534e04 #all N and O, types 10-19 
17 224 -1.295 -0.110968e03 0.00186 -96 8.5 -0.377745e04 -0.355457e01 0.551873e+02 0.160205e-02 -0.343534e04 #all N and O, types 10-19 
18 224 -1.295 -0.110968e03 0.00186 -96 8.5 -0.377745e04 -0.355457e01 0.551873e+02 0.160205e-02 -0.343534e04 #all N and O, types 10-19
19 224 -1.295 -0.110968e03 0.00186 -96 8.5 -0.377745e04 -0.355457e01 0.551873e+02 0.160205e-02 -0.343534e04 #all N and O, types 10-19 
#type 3
22 470 -1.142 -0.505772e02 0.00233 732 9.2 -0.110509e05 -0.276237e01 0.399838e+02 0.918397e-03 -0.610549e04 #all S, types 22 and 23
23 470 -1.142 -0.505772e02 0.00233 732 9.2 -0.110509e05 -0.276237e01 0.399838e+02 0.918397e-03 -0.610549e04
#type 4
4 347 -1.089 -0.525372e+02 0.00154 656 9.6 -0.732548e03 -0.210098e01 0.160195e+03 0.355838e-02 -0.100191e04 #C
9 347 -1.089 -0.525372e+02 0.00154 656 9.6 -0.732548e03 -0.210098e01 0.160195e+03 0.355838e-02 -0.100191e04 #CR1E
#type 5
7 432 -0.894 -0.401683e+02 0.00230 1128 10.0 -0.152804e04 -0.131676e01 0.103612e+03 0.208470e-02 -0.975892e03 #CH3E
#type 6
6 421 -1.140 -0.430259e+02 0.00201 831 9.4 -0.174048e04 -0.124393e01 0.590390e+02 0.302113e-02 -0.643231e03 #CH2E
#type 7
5 811 -1.264 -0.401094e+02 0.00165 1068 10.0 0.386309e03 -0.211465e+01 0.123365e+03 0.395129e-02 -0.249600e03 #CH1E
END

